cam_model: Pinhole
cam_width: 752
cam_height: 480
cam_fx: 861.274169921875
cam_fy: 978.8427124023438
cam_cx: 376.0
cam_cy: 240.0
cam_d0: 0.0
cam_d1: 0.0
cam_d2: 0.0
cam_d3: 0.0